# YOLOv5 Hyperparameter Evolution Results
# Best generation: 30
# Last generation: 31
#    metrics/precision,       metrics/recall,      metrics/mAP_0.5, metrics/mAP_0.5:0.95,         val/box_loss,         val/obj_loss,         val/cls_loss
#                0.004,              0.59259,            0.0033038,           0.00075731,              0.11838,               0.1964,                    0

lr0: 0.005032
lrf: 0.17877
momentum: 0.85055
weight_decay: 0.00036
warmup_epochs: 3.2699
warmup_momentum: 0.72097
warmup_bias_lr: 0.09788
box: 0.05356
cls: 0.42805
cls_pw: 1.08029
obj: 1.01464
obj_pw: 1.1082
iou_t: 0.2
anchor_t: 4.25618
fl_gamma: 0.0
hsv_h: 0.01368
hsv_s: 0.48942
hsv_v: 0.35707
degrees: 0.0
translate: 0.11126
scale: 0.44921
shear: 0.0
perspective: 0.0
flipud: 0.0
fliplr: 0.5
mosaic: 0.0
mixup: 0.0
copy_paste: 0.0
anchors: 6
